{{2.0715545164667892*^-12, -9.125259142067632*^-13, -4.337472221671579*^-13, -1.8428370808509786*^-12}, {0.10448106270106425, -0.0015570698692292796, 0.0015570698775677454, -0.10448106270470041}, {0.01328360729590983, 0.0029734875382746656, -0.0029734875492313188, -0.013283607293341968}, {-0.006366668690930789, -0.0021928393637444805, 0.0021928393529096796, 0.00636666868885938}}
{{-0.10448106272487824, 0.0015570698293976264, -0.0015570698536643986, 0.10448106267753174}, {-5.136495916102657*^-11, 3.630839205681635*^-11, 1.0786109852500836*^-11, -3.732446643422982*^-12}, {0.5670860863644465, 0.038388795829428474, -0.03838879589849881, -0.5670860860100434}, {0.013283607297669411, 0.0029734875340106113, -0.0029734875512939414, -0.013283607291768012}}
{{-0.013283607300560017, -0.0029734875460999937, 0.0029734875340675865, 0.013283607299765398}, {-0.567086086369957, -0.03838879592737629, 0.038388795812660116, 0.5670860862042849}, {1.8443524485434182*^-11, 4.8286825926613375*^-12, 2.270755458666507*^-11, 5.296716537595003*^-11}, {0.10448106269148258, -0.0015570698176576776, 0.0015570698409154357, -0.10448106270146318}}
{{0.006366668689022588, 0.0021928393640240065, -0.0021928393565566846, -0.006366668690029744}, {-0.013283607296960598, -0.0029734875435912574, 0.0029734875410389527, 0.01328360729753731}, {-0.10448106269679679, 0.0015570698546299114, -0.0015570698517888785, 0.10448106270946231}, {-6.312832201427199*^-13, 1.8819446868933998*^-12, 1.5650813978140832*^-12, 2.294947218373089*^-12}}